隐含结点权值:
w[0][0]:10.349627
w[0][1]:8.932003
w[0][2]:23.257207
w[0][3]:-1.047248
w[0][4]:-7.269855
w[0][5]:16.265431
w[0][6]:-12.398842
w[0][7]:5.580653
w[0][8]:3.063872
w[0][9]:3.442230

w[1][0]:14.877057
w[1][1]:-31.393243
w[1][2]:0.535650
w[1][3]:5.041844
w[1][4]:3.460580
w[1][5]:-8.568039
w[1][6]:5.993825
w[1][7]:-8.251885
w[1][8]:10.909522
w[1][9]:-3.951559

w[2][0]:-7.948739
w[2][1]:-18.095290
w[2][2]:-2.224226
w[2][3]:7.328234
w[2][4]:-1.465709
w[2][5]:-5.798452
w[2][6]:8.467304
w[2][7]:-0.690655
w[2][8]:9.895131
w[2][9]:-1.896816

w[3][0]:-18.284286
w[3][1]:12.502757
w[3][2]:-21.099081
w[3][3]:-8.369988
w[3][4]:-4.110345
w[3][5]:-1.810001
w[3][6]:-29.965119
w[3][7]:-3.394611
w[3][8]:6.690564
w[3][9]:14.578261

w[4][0]:8.853401
w[4][1]:5.842193
w[4][2]:-18.866152
w[4][3]:0.020164
w[4][4]:15.405356
w[4][5]:9.416188
w[4][6]:16.794065
w[4][7]:-1.207950
w[4][8]:-14.928810
w[4][9]:-8.343722

输出结点权值:
w1[0][0]:9.455183
w1[0][1]:-14.107148
w1[0][2]:-9.768948
w1[0][3]:5.993661

w1[1][0]:1.063116
w1[1][1]:-8.662609
w1[1][2]:8.550153
w1[1][3]:-11.513829

w1[2][0]:11.037621
w1[2][1]:-4.275617
w1[2][2]:4.391055
w1[2][3]:-12.773702

w1[3][0]:13.290218
w1[3][1]:-14.691577
w1[3][2]:17.534865
w1[3][3]:2.085589

w1[4][0]:-14.201851
w1[4][1]:-16.204760
w1[4][2]:-4.038055
w1[4][3]:-6.466061

w1[5][0]:11.760272
w1[5][1]:21.359251
w1[5][2]:-16.944995
w1[5][3]:9.907330

w1[6][0]:11.332183
w1[6][1]:7.999971
w1[6][2]:-0.191215
w1[6][3]:-12.004466

w1[7][0]:-19.928241
w1[7][1]:14.128273
w1[7][2]:6.206631
w1[7][3]:6.955192

w1[8][0]:-11.903362
w1[8][1]:-13.012617
w1[8][2]:-13.579826
w1[8][3]:8.683980

w1[9][0]:14.736000
w1[9][1]:-4.047654
w1[9][2]:4.744561
w1[9][3]:-19.133532

